2 60
1 2 3 1 2 3 1 2 3 1 2 3 1 2 3 1 2 3 1 2 3 1 2 3 1 2 3 1 2 3 1 2 3 1 2 3 1 2 3 1 2 3 1 2 3 1 2 3 1 2 3 1 2 3 1 2 3 1 2 3
4 5 6 4 5 6 4 5 6 4 5 6 4 5 6 4 5 6 4 5 6 4 5 6 4 5 6 4 5 6 4 5 6 4 5 6 4 5 6 4 5 6 4 5 6 4 5 6 4 5 6 4 5 6 4 5 6 4 5 6

60 2
7 8
9 10
11 12
7 8
9 10
11 12
7 8
9 10
11 12
7 8
9 10
11 12
7 8
9 10
11 12
7 8
9 10
11 12
7 8
9 10
11 12
7 8
9 10
11 12
7 8
9 10
11 12
7 8
9 10
11 12
7 8
9 10
11 12
7 8
9 10
11 12
7 8
9 10
11 12
7 8
9 10
11 12
7 8
9 10
11 12
7 8
9 10
11 12
7 8
9 10
11 12
7 8
9 10
11 12
7 8
9 10
11 12
7 8
9 10
11 12
